function CMap = cmap_hot2( varargin )
% CMAP_HOT2: Colormap to display the stat on sources

% @=============================================================================
% This function is part of the Brainstorm software:
% https://neuroimage.usc.edu/brainstorm
% 
% Copyright (c) University of Southern California & McGill University
% This software is distributed under the terms of the GNU General Public License
% as published by the Free Software Foundation. Further details on the GPLv3
% license can be found at http://www.gnu.org/copyleft/gpl.html.
% 
% FOR RESEARCH PURPOSES ONLY. THE SOFTWARE IS PROVIDED "AS IS," AND THE
% UNIVERSITY OF SOUTHERN CALIFORNIA AND ITS COLLABORATORS DO NOT MAKE ANY
% WARRANTY, EXPRESS OR IMPLIED, INCLUDING BUT NOT LIMITED TO WARRANTIES OF
% MERCHANTABILITY AND FITNESS FOR A PARTICULAR PURPOSE, NOR DO THEY ASSUME ANY
% LIABILITY OR RESPONSIBILITY FOR THE USE OF THIS SOFTWARE.
%
% For more information type "brainstorm license" at command prompt.
% =============================================================================@
%
% Authors: Francois Tadel, 2008

CMap = [...
0.501961 0.000000 0.000000;
0.525677 0.000000 0.000000;
0.549393 0.000000 0.000000;
0.573109 0.000000 0.000000;
0.596825 0.000000 0.000000;
0.620542 0.000000 0.000000;
0.644258 0.000000 0.000000;
0.667974 0.000000 0.000000;
0.691690 0.000000 0.000000;
0.715406 0.000000 0.000000;
0.739122 0.000000 0.000000;
0.762838 0.000000 0.000000;
0.786555 0.000000 0.000000;
0.810271 0.000000 0.000000;
0.833987 0.000000 0.000000;
0.857703 0.000000 0.000000;
0.881419 0.000000 0.000000;
0.905135 0.000000 0.000000;
0.928852 0.000000 0.000000;
0.952568 0.000000 0.000000;
0.976284 0.000000 0.000000;
1.000000 0.000000 0.000000;
1.000000 0.043478 0.000000;
1.000000 0.086957 0.000000;
1.000000 0.130435 0.000000;
1.000000 0.173913 0.000000;
1.000000 0.217391 0.000000;
1.000000 0.260870 0.000000;
1.000000 0.304348 0.000000;
1.000000 0.347826 0.000000;
1.000000 0.391304 0.000000;
1.000000 0.434783 0.000000;
1.000000 0.478261 0.000000;
1.000000 0.521739 0.000000;
1.000000 0.565217 0.000000;
1.000000 0.608696 0.000000;
1.000000 0.652174 0.000000;
1.000000 0.695652 0.000000;
1.000000 0.739130 0.000000;
1.000000 0.782609 0.000000;
1.000000 0.826087 0.000000;
1.000000 0.869565 0.000000;
1.000000 0.913043 0.000000;
1.000000 0.956522 0.000000;
1.000000 1.000000 0.000000;
1.000000 1.000000 0.052632;
1.000000 1.000000 0.105263;
1.000000 1.000000 0.157895;
1.000000 1.000000 0.210526;
1.000000 1.000000 0.263158;
1.000000 1.000000 0.315789;
1.000000 1.000000 0.368421;
1.000000 1.000000 0.421053;
1.000000 1.000000 0.473684;
1.000000 1.000000 0.526316;
1.000000 1.000000 0.578947;
1.000000 1.000000 0.631579;
1.000000 1.000000 0.684211;
1.000000 1.000000 0.736842;
1.000000 1.000000 0.789474;
1.000000 1.000000 0.842105;
1.000000 1.000000 0.894737;
1.000000 1.000000 0.947368;
1.000000 1.000000 1.000000];

