function CMap = cmap_ovun(varargin)

% @=============================================================================
% This function is part of the Brainstorm software:
% https://neuroimage.usc.edu/brainstorm
% 
% Copyright (c) University of Southern California & McGill University
% This software is distributed under the terms of the GNU General Public License
% as published by the Free Software Foundation. Further details on the GPLv3
% license can be found at http://www.gnu.org/copyleft/gpl.html.
% 
% FOR RESEARCH PURPOSES ONLY. THE SOFTWARE IS PROVIDED "AS IS," AND THE
% UNIVERSITY OF SOUTHERN CALIFORNIA AND ITS COLLABORATORS DO NOT MAKE ANY
% WARRANTY, EXPRESS OR IMPLIED, INCLUDING BUT NOT LIMITED TO WARRANTIES OF
% MERCHANTABILITY AND FITNESS FOR A PARTICULAR PURPOSE, NOR DO THEY ASSUME ANY
% LIABILITY OR RESPONSIBILITY FOR THE USE OF THIS SOFTWARE.
%
% For more information type "brainstorm license" at command prompt.
% =============================================================================@

CMap = [
    0.00000 0.00000 1.00000
    0.00277 0.01126 1.00000
    0.00554 0.02251 1.00000
    0.00830 0.03377 1.00000
    0.01107 0.04503 1.00000
    0.01384 0.05629 1.00000
    0.01661 0.06754 1.00000
    0.01938 0.07880 1.00000
    0.02215 0.09006 1.00000
    0.02491 0.10131 1.00000
    0.02768 0.11257 1.00000
    0.03045 0.12383 1.00000
    0.03322 0.13509 1.00000
    0.03599 0.14634 1.00000
    0.03875 0.15760 1.00000
    0.04152 0.16886 1.00000
    0.04429 0.18012 1.00000
    0.04706 0.19137 1.00000
    0.04983 0.20263 1.00000
    0.05260 0.21389 1.00000
    0.05536 0.22514 1.00000
    0.05813 0.23640 1.00000
    0.06090 0.24766 1.00000
    0.06367 0.25892 1.00000
    0.06644 0.27017 1.00000
    0.06920 0.28143 1.00000
    0.07197 0.29269 1.00000
    0.07474 0.30394 1.00000
    0.07751 0.31520 1.00000
    0.08028 0.32646 1.00000
    0.08304 0.33772 1.00000
    0.08581 0.34897 1.00000
    0.08858 0.36023 1.00000
    0.09135 0.37149 1.00000
    0.09412 0.38275 1.00000
    0.09689 0.39400 1.00000
    0.09965 0.40526 1.00000
    0.10242 0.41652 1.00000
    0.10519 0.42777 1.00000
    0.10796 0.43903 1.00000
    0.11073 0.45029 1.00000
    0.11349 0.46155 1.00000
    0.11626 0.47280 1.00000
    0.11903 0.48406 1.00000
    0.12180 0.49532 1.00000
    0.12457 0.50657 1.00000
    0.12734 0.51783 1.00000
    0.13010 0.52909 1.00000
    0.13287 0.54035 1.00000
    0.13564 0.55160 1.00000
    0.13841 0.56286 1.00000
    0.14118 0.57412 1.00000
    0.14394 0.58537 1.00000
    0.14671 0.59663 1.00000
    0.14948 0.60789 1.00000
    0.15225 0.61915 1.00000
    0.15502 0.63040 1.00000
    0.15779 0.64166 1.00000
    0.16055 0.65292 1.00000
    0.16332 0.66418 1.00000
    0.16609 0.67543 1.00000
    0.16886 0.68669 1.00000
    0.17163 0.69795 1.00000
    0.17439 0.70920 1.00000
    0.17770 0.71875 0.99955
    0.18262 0.72318 0.99777
    0.18754 0.72761 0.99599
    0.19246 0.73204 0.99420
    0.19739 0.73647 0.99242
    0.20231 0.74090 0.99063
    0.20723 0.74533 0.98885
    0.21215 0.74976 0.98707
    0.21707 0.75419 0.98528
    0.22199 0.75862 0.98350
    0.22691 0.76304 0.98171
    0.23183 0.76747 0.97993
    0.23676 0.77190 0.97815
    0.24168 0.77633 0.97636
    0.24660 0.78076 0.97458
    0.25152 0.78519 0.97280
    0.25644 0.78962 0.97101
    0.26136 0.79405 0.96923
    0.26628 0.79848 0.96744
    0.27120 0.80291 0.96566
    0.27612 0.80734 0.96388
    0.28105 0.81176 0.96209
    0.28597 0.81619 0.96031
    0.29089 0.82062 0.95852
    0.29581 0.82505 0.95674
    0.30073 0.82948 0.95496
    0.30565 0.83391 0.95317
    0.31057 0.83834 0.95139
    0.31549 0.84277 0.94960
    0.32042 0.84720 0.94782
    0.32534 0.85163 0.94604
    0.33026 0.85606 0.94425
    0.33518 0.86048 0.94247
    0.34010 0.86491 0.94068
    0.34502 0.86934 0.93890
    0.34994 0.87377 0.93712
    0.35486 0.87820 0.93533
    0.35978 0.88263 0.93355
    0.36471 0.88706 0.93176
    0.36963 0.89149 0.92998
    0.37455 0.89592 0.92820
    0.37947 0.90035 0.92641
    0.38439 0.90478 0.92463
    0.38931 0.90920 0.92285
    0.39423 0.91363 0.92106
    0.39915 0.91806 0.91928
    0.40408 0.92249 0.91749
    0.40900 0.92692 0.91571
    0.41392 0.93135 0.91393
    0.41884 0.93578 0.91214
    0.42376 0.94021 0.91036
    0.42868 0.94464 0.90857
    0.43360 0.94907 0.90679
    0.43852 0.95349 0.90501
    0.44344 0.95792 0.90322
    0.44837 0.96235 0.90144
    0.45329 0.96678 0.89965
    0.45821 0.97121 0.89787
    0.46313 0.97564 0.89609
    0.46805 0.98007 0.89430
    0.47297 0.98450 0.89252
    0.47789 0.98893 0.89073
    0.48281 0.99336 0.88895
    0.48774 0.99779 0.88717
    1.00000 0.99800 0.48635
    1.00000 0.99400 0.47866
    1.00000 0.99000 0.47097
    1.00000 0.98601 0.46328
    1.00000 0.98201 0.45559
    1.00000 0.97801 0.44790
    1.00000 0.97401 0.44022
    1.00000 0.97001 0.43253
    1.00000 0.96601 0.42484
    1.00000 0.96201 0.41715
    1.00000 0.95802 0.40946
    1.00000 0.95402 0.40177
    1.00000 0.95002 0.39408
    1.00000 0.94602 0.38639
    1.00000 0.94202 0.37870
    1.00000 0.93802 0.37101
    1.00000 0.93403 0.36332
    1.00000 0.93003 0.35563
    1.00000 0.92603 0.34794
    1.00000 0.92203 0.34025
    1.00000 0.91803 0.33256
    1.00000 0.91403 0.32488
    1.00000 0.91003 0.31719
    1.00000 0.90604 0.30950
    1.00000 0.90204 0.30181
    1.00000 0.89804 0.29412
    1.00000 0.89404 0.28643
    1.00000 0.89004 0.27874
    1.00000 0.88604 0.27105
    1.00000 0.88205 0.26336
    1.00000 0.87805 0.25567
    1.00000 0.87405 0.24798
    1.00000 0.87005 0.24029
    1.00000 0.86605 0.23260
    1.00000 0.86205 0.22491
    1.00000 0.85805 0.21722
    1.00000 0.85406 0.20953
    1.00000 0.85006 0.20185
    1.00000 0.84606 0.19416
    1.00000 0.84206 0.18647
    1.00000 0.83806 0.17878
    1.00000 0.83406 0.17109
    1.00000 0.83007 0.16340
    1.00000 0.82607 0.15571
    1.00000 0.82207 0.14802
    1.00000 0.81807 0.14033
    1.00000 0.81407 0.13264
    1.00000 0.81007 0.12495
    1.00000 0.80607 0.11726
    1.00000 0.80208 0.10957
    1.00000 0.79808 0.10188
    1.00000 0.79408 0.09419
    1.00000 0.79008 0.08651
    1.00000 0.78608 0.07882
    1.00000 0.78208 0.07113
    1.00000 0.77809 0.06344
    1.00000 0.77409 0.05575
    1.00000 0.77009 0.04806
    1.00000 0.76609 0.04037
    1.00000 0.76209 0.03268
    1.00000 0.75809 0.02499
    1.00000 0.75409 0.01730
    1.00000 0.75010 0.00961
    1.00000 0.74610 0.00192
    1.00000 0.73633 0.00000
    1.00000 0.72464 0.00000
    1.00000 0.71296 0.00000
    1.00000 0.70127 0.00000
    1.00000 0.68958 0.00000
    1.00000 0.67789 0.00000
    1.00000 0.66621 0.00000
    1.00000 0.65452 0.00000
    1.00000 0.64283 0.00000
    1.00000 0.63114 0.00000
    1.00000 0.61945 0.00000
    1.00000 0.60777 0.00000
    1.00000 0.59608 0.00000
    1.00000 0.58439 0.00000
    1.00000 0.57270 0.00000
    1.00000 0.56101 0.00000
    1.00000 0.54933 0.00000
    1.00000 0.53764 0.00000
    1.00000 0.52595 0.00000
    1.00000 0.51426 0.00000
    1.00000 0.50258 0.00000
    1.00000 0.49089 0.00000
    1.00000 0.47920 0.00000
    1.00000 0.46751 0.00000
    1.00000 0.45582 0.00000
    1.00000 0.44414 0.00000
    1.00000 0.43245 0.00000
    1.00000 0.42076 0.00000
    1.00000 0.40907 0.00000
    1.00000 0.39739 0.00000
    1.00000 0.38570 0.00000
    1.00000 0.37401 0.00000
    1.00000 0.36232 0.00000
    1.00000 0.35063 0.00000
    1.00000 0.33895 0.00000
    1.00000 0.32726 0.00000
    1.00000 0.31557 0.00000
    1.00000 0.30388 0.00000
    1.00000 0.29220 0.00000
    1.00000 0.28051 0.00000
    1.00000 0.26882 0.00000
    1.00000 0.25713 0.00000
    1.00000 0.24544 0.00000
    1.00000 0.23376 0.00000
    1.00000 0.22207 0.00000
    1.00000 0.21038 0.00000
    1.00000 0.19869 0.00000
    1.00000 0.18700 0.00000
    1.00000 0.17532 0.00000
    1.00000 0.16363 0.00000
    1.00000 0.15194 0.00000
    1.00000 0.14025 0.00000
    1.00000 0.12857 0.00000
    1.00000 0.11688 0.00000
    1.00000 0.10519 0.00000
    1.00000 0.09350 0.00000
