function C = cmap_royal_gramma(N)
% @=============================================================================
% This function is part of the Brainstorm software:
% https://neuroimage.usc.edu/brainstorm
% 
% Copyright (c)2000-2019 University of Southern California & McGill University
% This software is distributed under the terms of the GNU General Public License
% as published by the Free Software Foundation. Further details on the GPLv3
% license can be found at http://www.gnu.org/copyleft/gpl.html.
% 
% FOR RESEARCH PURPOSES ONLY. THE SOFTWARE IS PROVIDED "AS IS," AND THE
% UNIVERSITY OF SOUTHERN CALIFORNIA AND ITS COLLABORATORS DO NOT MAKE ANY
% WARRANTY, EXPRESS OR IMPLIED, INCLUDING BUT NOT LIMITED TO WARRANTIES OF
% MERCHANTABILITY AND FITNESS FOR A PARTICULAR PURPOSE, NOR DO THEY ASSUME ANY
% LIABILITY OR RESPONSIBILITY FOR THE USE OF THIS SOFTWARE.
%
% For more information type "brainstorm license" at command prompt.
% =============================================================================@
%
% Authors: Rana El Khoury, 2019

cmap = [
            0.0437439  0.05911447 0.61378545 
           0.05686884 0.06607876 0.60833984 
           0.06808855 0.07216815 0.60337418 
           0.07826286 0.07760475 0.59867971 
           0.08766643 0.08250959 0.59423257 
           0.0964638  0.0869705  0.59002092 
           0.10477897 0.09105481 0.5860266  
           0.11268863 0.09481449 0.58224298 
           0.12027152 0.09829103 0.578648   
           0.12756278 0.10151791 0.57524188 
           0.13460127 0.10452285 0.5720158  
           0.14141805 0.10732893 0.568962   
           0.14804039 0.10995539 0.56607193 
           0.15448634 0.11241897 0.56334156 
           0.16077266 0.11473402 0.5607658  
           0.16692979 0.11691045 0.55832689 
           0.17295451 0.11896096 0.55603282 
           0.17885895 0.1208948  0.55387827 
           0.18466724 0.12271721 0.55184735 
           0.19037021 0.12443884 0.5499504  
           0.19599533 0.12606141 0.54816774 
           0.20153332 0.1275942  0.54650872 
           0.20700119 0.12903927 0.54496132 
           0.21240355 0.13040097 0.54352315 
           0.21773918 0.13168504 0.542196   
           0.2230181  0.13289931 0.54095921 
           0.22821525 0.13409858 0.53973944 
           0.23334151 0.13528059 0.53853372 
           0.23840232 0.13644552 0.5373409  
           0.24340292 0.13759823 0.53614851 
           0.24834735 0.13873137 0.53497339 
           0.25323983 0.13984444 0.53381599 
           0.25808431 0.14093694 0.53267664 
           0.26288485 0.14201377 0.53154196 
           0.26764439 0.14306866 0.53042666 
           0.2723661  0.14410113 0.52933099 
           0.27705264 0.14511089 0.52825525 
           0.28170717 0.14609737 0.52719911 
           0.28633265 0.14706397 0.52615225 
           0.29093085 0.14800628 0.52512583 
           0.29550442 0.14892375 0.52411933 
           0.30005566 0.14981595 0.52313241 
           0.30458626 0.15068267 0.52216512 
           0.30909878 0.15152324 0.52121649 
           0.3135946  0.15233822 0.52028472 
           0.31807624 0.1531277  0.51936633 
           0.32254467 0.15388982 0.51846619 
           0.32700216 0.15462384 0.51758305 
           0.33144966 0.15532968 0.51671687 
           0.33588921 0.1560066  0.51586634 
           0.34032203 0.15665429 0.51503094 
           0.34474939 0.15727234 0.51420993 
           0.34917294 0.15786011 0.51340213 
           0.35359367 0.15841729 0.5126069  
           0.35801275 0.1589434  0.51182333 
           0.3624316  0.1594378  0.51105016 
           0.36685128 0.1599     0.51028644 
           0.37127258 0.16032964 0.50953134 
           0.3756967  0.16072608 0.50878363 
           0.38012467 0.16108874 0.50804209 
           0.38455741 0.16141713 0.50730536 
           0.38899573 0.1617106  0.50657264 
           0.39344048 0.16196852 0.50584289 
           0.3978922  0.16219049 0.50511504 
           0.40235183 0.16237592 0.50438723 
           0.40682011 0.16252408 0.50365846 
           0.41129769 0.16263431 0.50292746 
           0.41578521 0.16270598 0.50219296 
           0.42028324 0.16273842 0.50145368 
           0.42479228 0.16273096 0.50070839 
           0.42931282 0.16268293 0.49995581 
           0.43384536 0.16259357 0.49919464 
           0.43839035 0.16246211 0.49842355 
           0.44294823 0.16228776 0.49764124 
           0.44751936 0.16206971 0.49684643 
           0.45210398 0.16180721 0.49603796 
           0.45670224 0.16149955 0.49521473 
           0.46131466 0.16114562 0.49437525 
           0.4659415  0.16074445 0.49351825 
           0.47058299 0.16029505 0.49264253 
           0.47523926 0.15979648 0.49174696 
           0.47991101 0.15924837 0.49082627 
           0.48459764 0.15864914 0.48988341 
           0.48929959 0.15799726 0.48891703 
           0.49401697 0.15729144 0.48792599 
           0.49874975 0.15653047 0.48690933 
           0.50348733 0.15573443 0.48585078 
           0.50821832 0.15492969 0.48472307 
           0.51294201 0.154118   0.48352458 
           0.51765617 0.15330388 0.48225272 
           0.52235644 0.15249604 0.48090347 
           0.52704723 0.15168688 0.47947957 
           0.53172719 0.15087914 0.47798041 
           0.53639531 0.1500752  0.476405   
           0.5410507  0.14927743 0.47475231 
           0.54569225 0.14848847 0.47302163 
           0.55031895 0.14771097 0.4712123  
           0.55492968 0.14694774 0.46932383 
           0.55952341 0.1462016  0.46735578 
           0.56409908 0.14547543 0.46530783 
           0.56865574 0.14477209 0.46317965 
           0.57319226 0.14409464 0.46097125 
           0.57770758 0.14344618 0.45868275 
           0.58220066 0.1428298  0.45631434 
           0.58667048 0.1422486  0.45386633 
           0.59111492 0.14170815 0.45133845 
           0.59553381 0.14120981 0.44873172 
           0.59992673 0.14075546 0.44604721 
           0.60429269 0.14034818 0.44328577 
           0.60863076 0.13999097 0.44044832 
           0.61294003 0.13968676 0.43753591 
           0.61721965 0.13943841 0.4345497  
           0.62146877 0.13924865 0.43149096 
           0.62568662 0.13912008 0.42836103 
           0.62987245 0.13905516 0.42516134 
           0.63402558 0.13905618 0.42189341 
           0.63814528 0.13912534 0.41855901 
           0.64223095 0.13926458 0.41515986 
           0.64628204 0.13947564 0.41169772 
           0.65029804 0.13976004 0.40817444 
           0.65427848 0.14011909 0.4045919  
           0.65822298 0.14055384 0.40095202 
           0.66213117 0.14106515 0.39725679 
           0.66600278 0.1416536  0.39350818 
           0.66983757 0.14231953 0.38970816 
           0.67363537 0.14306305 0.38585869 
           0.67739606 0.14388402 0.38196172 
           0.6811196  0.14478208 0.37801917 
           0.68480596 0.14575666 0.37403293 
           0.68845518 0.14680698 0.37000498 
           0.69206738 0.14793205 0.365937   
           0.69564269 0.14913068 0.36183077 
           0.69918134 0.15040152 0.35768786 
           0.70268357 0.15174308 0.35350989 
           0.70614967 0.15315372 0.34929828 
           0.70957998 0.15463168 0.34505443 
           0.71297487 0.1561751  0.34077962 
           0.71633474 0.15778203 0.3364751  
           0.71966003 0.15945044 0.33214191 
           0.72295121 0.16117826 0.32778112 
           0.72620879 0.16296336 0.32339341 
           0.7294333  0.16480358 0.31897948 
           0.7326253  0.16669674 0.31453988 
           0.73578533 0.16864069 0.31007517 
           0.738914   0.17063325 0.30558561 
           0.74201189 0.17267228 0.30107154 
           0.74507963 0.17475565 0.29653272 
           0.74811786 0.17688127 0.29196903 
           0.7511272  0.1790471  0.28738014 
           0.75410826 0.18125111 0.28276611 
           0.75705749 0.18350024 0.27812506 
           0.75997846 0.18578633 0.27345661 
           0.76287326 0.18810562 0.26875376 
           0.7657347  0.19046998 0.26402672 
