function CMap = cmap_tpac(varargin)

% @=============================================================================
% This function is part of the Brainstorm software:
% https://neuroimage.usc.edu/brainstorm
% 
% Copyright (c)2000-2020 University of Southern California & McGill University
% This software is distributed under the terms of the GNU General Public License
% as published by the Free Software Foundation. Further details on the GPLv3
% license can be found at http://www.gnu.org/copyleft/gpl.html.
% 
% FOR RESEARCH PURPOSES ONLY. THE SOFTWARE IS PROVIDED "AS IS," AND THE
% UNIVERSITY OF SOUTHERN CALIFORNIA AND ITS COLLABORATORS DO NOT MAKE ANY
% WARRANTY, EXPRESS OR IMPLIED, INCLUDING BUT NOT LIMITED TO WARRANTIES OF
% MERCHANTABILITY AND FITNESS FOR A PARTICULAR PURPOSE, NOR DO THEY ASSUME ANY
% LIABILITY OR RESPONSIBILITY FOR THE USE OF THIS SOFTWARE.
%
% For more information type "brainstorm license" at command prompt.
% =============================================================================@

CMap =[
    1.0000    1.0000    1.0000
    0.9935    0.9935    1.0000
    0.9871    0.9871    1.0000
    0.9806    0.9806    1.0000
    0.9742    0.9742    1.0000
    0.9677    0.9677    1.0000
    0.9613    0.9613    1.0000
    0.9548    0.9548    1.0000
    0.9484    0.9484    1.0000
    0.9419    0.9419    1.0000
    0.9355    0.9355    1.0000
    0.9290    0.9290    1.0000
    0.9226    0.9226    1.0000
    0.9161    0.9161    1.0000
    0.9097    0.9097    1.0000
    0.9032    0.9032    1.0000
    0.8968    0.8968    1.0000
    0.8903    0.8903    1.0000
    0.8839    0.8839    1.0000
    0.8774    0.8774    1.0000
    0.8710    0.8710    1.0000
    0.8645    0.8645    1.0000
    0.8581    0.8581    1.0000
    0.8516    0.8516    1.0000
    0.8452    0.8452    1.0000
    0.8387    0.8387    1.0000
    0.8323    0.8323    1.0000
    0.8258    0.8258    1.0000
    0.8194    0.8194    1.0000
    0.8129    0.8129    1.0000
    0.8065    0.8065    1.0000
    0.8000    0.8000    1.0000
    0.7875    0.8031    1.0000
    0.7750    0.8063    1.0000
    0.7625    0.8094    1.0000
    0.7500    0.8125    1.0000
    0.7375    0.8156    1.0000
    0.7250    0.8188    1.0000
    0.7125    0.8219    1.0000
    0.7000    0.8250    1.0000
    0.6875    0.8281    1.0000
    0.6750    0.8313    1.0000
    0.6625    0.8344    1.0000
    0.6500    0.8375    1.0000
    0.6375    0.8406    1.0000
    0.6250    0.8438    1.0000
    0.6125    0.8469    1.0000
    0.6000    0.8500    1.0000
    0.5875    0.8531    1.0000
    0.5750    0.8562    1.0000
    0.5625    0.8594    1.0000
    0.5500    0.8625    1.0000
    0.5375    0.8656    1.0000
    0.5250    0.8688    1.0000
    0.5125    0.8719    1.0000
    0.5000    0.8750    1.0000
    0.4875    0.8781    1.0000
    0.4750    0.8813    1.0000
    0.4625    0.8844    1.0000
    0.4500    0.8875    1.0000
    0.4375    0.8906    1.0000
    0.4250    0.8938    1.0000
    0.4125    0.8969    1.0000
    0.4000    0.9000    1.0000
    0.3875    0.9031    1.0000
    0.3750    0.9063    1.0000
    0.3625    0.9094    1.0000
    0.3500    0.9125    1.0000
    0.3375    0.9156    1.0000
    0.3250    0.9187    1.0000
    0.3125    0.9219    1.0000
    0.3000    0.9250    1.0000
    0.2875    0.9281    1.0000
    0.2750    0.9312    1.0000
    0.2625    0.9344    1.0000
    0.2500    0.9375    1.0000
    0.2375    0.9406    1.0000
    0.2250    0.9438    1.0000
    0.2125    0.9469    1.0000
    0.2000    0.9500    1.0000
    0.1875    0.9531    1.0000
    0.1750    0.9563    1.0000
    0.1625    0.9594    1.0000
    0.1500    0.9625    1.0000
    0.1375    0.9656    1.0000
    0.1250    0.9688    1.0000
    0.1125    0.9719    1.0000
    0.1000    0.9750    1.0000
    0.0875    0.9781    1.0000
    0.0750    0.9812    1.0000
    0.0625    0.9844    1.0000
    0.0500    0.9875    1.0000
    0.0375    0.9906    1.0000
    0.0250    0.9937    1.0000
    0.0125    0.9969    1.0000
         0    1.0000    1.0000
    0.0156    1.0000    0.9844
    0.0313    1.0000    0.9688
    0.0469    1.0000    0.9531
    0.0625    1.0000    0.9375
    0.0781    1.0000    0.9219
    0.0938    1.0000    0.9063
    0.1094    1.0000    0.8906
    0.1250    1.0000    0.8750
    0.1406    1.0000    0.8594
    0.1563    1.0000    0.8438
    0.1719    1.0000    0.8281
    0.1875    1.0000    0.8125
    0.2031    1.0000    0.7969
    0.2188    1.0000    0.7813
    0.2344    1.0000    0.7656
    0.2500    1.0000    0.7500
    0.2656    1.0000    0.7344
    0.2813    1.0000    0.7188
    0.2969    1.0000    0.7031
    0.3125    1.0000    0.6875
    0.3281    1.0000    0.6719
    0.3438    1.0000    0.6563
    0.3594    1.0000    0.6406
    0.3750    1.0000    0.6250
    0.3906    1.0000    0.6094
    0.4063    1.0000    0.5938
    0.4219    1.0000    0.5781
    0.4375    1.0000    0.5625
    0.4531    1.0000    0.5469
    0.4688    1.0000    0.5313
    0.4844    1.0000    0.5156
    0.5000    1.0000    0.5000
    0.5156    1.0000    0.4844
    0.5313    1.0000    0.4688
    0.5469    1.0000    0.4531
    0.5625    1.0000    0.4375
    0.5781    1.0000    0.4219
    0.5938    1.0000    0.4063
    0.6094    1.0000    0.3906
    0.6250    1.0000    0.3750
    0.6406    1.0000    0.3594
    0.6563    1.0000    0.3438
    0.6719    1.0000    0.3281
    0.6875    1.0000    0.3125
    0.7031    1.0000    0.2969
    0.7188    1.0000    0.2813
    0.7344    1.0000    0.2656
    0.7500    1.0000    0.2500
    0.7656    1.0000    0.2344
    0.7813    1.0000    0.2188
    0.7969    1.0000    0.2031
    0.8125    1.0000    0.1875
    0.8281    1.0000    0.1719
    0.8438    1.0000    0.1563
    0.8594    1.0000    0.1406
    0.8750    1.0000    0.1250
    0.8906    1.0000    0.1094
    0.9063    1.0000    0.0938
    0.9219    1.0000    0.0781
    0.9375    1.0000    0.0625
    0.9531    1.0000    0.0469
    0.9688    1.0000    0.0313
    0.9844    1.0000    0.0156
    1.0000    1.0000         0
    1.0000    0.9844         0
    1.0000    0.9688         0
    1.0000    0.9531         0
    1.0000    0.9375         0
    1.0000    0.9219         0
    1.0000    0.9063         0
    1.0000    0.8906         0
    1.0000    0.8750         0
    1.0000    0.8594         0
    1.0000    0.8438         0
    1.0000    0.8281         0
    1.0000    0.8125         0
    1.0000    0.7969         0
    1.0000    0.7813         0
    1.0000    0.7656         0
    1.0000    0.7500         0
    1.0000    0.7344         0
    1.0000    0.7188         0
    1.0000    0.7031         0
    1.0000    0.6875         0
    1.0000    0.6719         0
    1.0000    0.6563         0
    1.0000    0.6406         0
    1.0000    0.6250         0
    1.0000    0.6094         0
    1.0000    0.5938         0
    1.0000    0.5781         0
    1.0000    0.5625         0
    1.0000    0.5469         0
    1.0000    0.5313         0
    1.0000    0.5156         0
    1.0000    0.5000         0
    1.0000    0.4844         0
    1.0000    0.4688         0
    1.0000    0.4531         0
    1.0000    0.4375         0
    1.0000    0.4219         0
    1.0000    0.4063         0
    1.0000    0.3906         0
    1.0000    0.3750         0
    1.0000    0.3594         0
    1.0000    0.3438         0
    1.0000    0.3281         0
    1.0000    0.3125         0
    1.0000    0.2969         0
    1.0000    0.2813         0
    1.0000    0.2656         0
    1.0000    0.2500         0
    1.0000    0.2344         0
    1.0000    0.2188         0
    1.0000    0.2031         0
    1.0000    0.1875         0
    1.0000    0.1719         0
    1.0000    0.1563         0
    1.0000    0.1406         0
    1.0000    0.1250         0
    1.0000    0.1094         0
    1.0000    0.0938         0
    1.0000    0.0781         0
    1.0000    0.0625         0
    1.0000    0.0469         0
    1.0000    0.0313         0
    1.0000    0.0156         0
    1.0000         0         0
