function CMap = cmap_ovun(varargin)

% @=============================================================================
% This function is part of the Brainstorm software:
% https://neuroimage.usc.edu/brainstorm
% 
% Copyright (c)2000-2019 University of Southern California & McGill University
% This software is distributed under the terms of the GNU General Public License
% as published by the Free Software Foundation. Further details on the GPLv3
% license can be found at http://www.gnu.org/copyleft/gpl.html.
% 
% FOR RESEARCH PURPOSES ONLY. THE SOFTWARE IS PROVIDED "AS IS," AND THE
% UNIVERSITY OF SOUTHERN CALIFORNIA AND ITS COLLABORATORS DO NOT MAKE ANY
% WARRANTY, EXPRESS OR IMPLIED, INCLUDING BUT NOT LIMITED TO WARRANTIES OF
% MERCHANTABILITY AND FITNESS FOR A PARTICULAR PURPOSE, NOR DO THEY ASSUME ANY
% LIABILITY OR RESPONSIBILITY FOR THE USE OF THIS SOFTWARE.
%
% For more information type "brainstorm license" at command prompt.
% =============================================================================@

CMap = [
    0.11765 0.00000 0.88235
    0.12072 0.00000 0.88297
    0.12380 0.00000 0.88358
    0.12687 0.00000 0.88420
    0.12995 0.00000 0.88481
    0.13303 0.00000 0.88543
    0.13610 0.00000 0.88604
    0.13918 0.00000 0.88666
    0.14225 0.00000 0.88727
    0.14533 0.00000 0.88789
    0.14840 0.00000 0.88850
    0.15148 0.00000 0.88912
    0.15456 0.00000 0.88973
    0.15763 0.00000 0.89035
    0.16071 0.00000 0.89097
    0.16378 0.00000 0.89158
    0.16686 0.00000 0.89220
    0.16993 0.00000 0.89281
    0.17301 0.00000 0.89343
    0.17609 0.00000 0.89404
    0.17916 0.00000 0.89466
    0.18224 0.00000 0.89527
    0.18531 0.00000 0.89589
    0.18839 0.00000 0.89650
    0.19146 0.00000 0.89712
    0.19454 0.00000 0.89773
    0.19762 0.00000 0.89835
    0.20069 0.00000 0.89896
    0.20377 0.00000 0.89958
    0.20684 0.00000 0.90019
    0.20992 0.00000 0.90081
    0.21300 0.00000 0.90142
    0.21607 0.00000 0.90204
    0.21915 0.00000 0.90265
    0.22222 0.00000 0.90327
    0.22530 0.00000 0.90388
    0.22837 0.00000 0.90450
    0.23145 0.00000 0.90511
    0.23453 0.00000 0.90573
    0.23760 0.00000 0.90634
    0.24068 0.00000 0.90696
    0.24375 0.00000 0.90757
    0.24683 0.00000 0.90819
    0.24990 0.00000 0.90880
    0.25298 0.00000 0.90942
    0.25606 0.00000 0.91003
    0.25913 0.00000 0.91065
    0.26221 0.00000 0.91126
    0.26528 0.00000 0.91188
    0.26836 0.00000 0.91250
    0.27143 0.00000 0.91311
    0.27451 0.00000 0.91373
    0.27759 0.00000 0.91434
    0.28066 0.00000 0.91496
    0.28374 0.00000 0.91557
    0.28681 0.00000 0.91619
    0.28989 0.00000 0.91680
    0.29296 0.00000 0.91742
    0.29604 0.00000 0.91803
    0.29912 0.00000 0.91865
    0.30219 0.00000 0.91926
    0.30527 0.00000 0.91988
    0.30834 0.00000 0.92049
    0.31142 0.00000 0.92111
    0.31442 0.00392 0.92141
    0.31719 0.01961 0.92080
    0.31995 0.03529 0.92018
    0.32272 0.05098 0.91957
    0.32549 0.06667 0.91895
    0.32826 0.08235 0.91834
    0.33103 0.09804 0.91772
    0.33379 0.11373 0.91711
    0.33656 0.12941 0.91649
    0.33933 0.14510 0.91588
    0.34210 0.16078 0.91526
    0.34487 0.17647 0.91465
    0.34764 0.19216 0.91403
    0.35040 0.20784 0.91342
    0.35317 0.22353 0.91280
    0.35594 0.23922 0.91219
    0.35871 0.25490 0.91157
    0.36148 0.27059 0.91096
    0.36424 0.28627 0.91034
    0.36701 0.30196 0.90973
    0.36978 0.31765 0.90911
    0.37255 0.33333 0.90850
    0.37532 0.34902 0.90788
    0.37809 0.36471 0.90727
    0.38085 0.38039 0.90665
    0.38362 0.39608 0.90604
    0.38639 0.41176 0.90542
    0.38916 0.42745 0.90481
    0.39193 0.44314 0.90419
    0.39469 0.45882 0.90358
    0.39746 0.47451 0.90296
    0.40023 0.49020 0.90235
    0.40300 0.50588 0.90173
    0.40577 0.52157 0.90111
    0.40854 0.53725 0.90050
    0.41130 0.55294 0.89988
    0.41407 0.56863 0.89927
    0.41684 0.58431 0.89865
    0.41961 0.60000 0.89804
    0.42238 0.61569 0.89742
    0.42514 0.63137 0.89681
    0.42791 0.64706 0.89619
    0.43068 0.66275 0.89558
    0.43345 0.67843 0.89496
    0.43622 0.69412 0.89435
    0.43899 0.70980 0.89373
    0.44175 0.72549 0.89312
    0.44452 0.74118 0.89250
    0.44729 0.75686 0.89189
    0.45006 0.77255 0.89127
    0.45283 0.78824 0.89066
    0.45559 0.80392 0.89004
    0.45836 0.81961 0.88943
    0.46113 0.83529 0.88881
    0.46390 0.85098 0.88820
    0.46667 0.86667 0.88758
    0.46943 0.88235 0.88697
    0.47220 0.89804 0.88635
    0.47497 0.91373 0.88574
    0.47774 0.92941 0.88512
    0.48051 0.94510 0.88451
    0.48328 0.96078 0.88389
    0.48604 0.97647 0.88328
    0.48881 0.99216 0.88266
    1.00000 0.99800 0.48635
    1.00000 0.99400 0.47866
    1.00000 0.99000 0.47097
    1.00000 0.98601 0.46328
    1.00000 0.98201 0.45559
    1.00000 0.97801 0.44790
    1.00000 0.97401 0.44022
    1.00000 0.97001 0.43253
    1.00000 0.96601 0.42484
    1.00000 0.96201 0.41715
    1.00000 0.95802 0.40946
    1.00000 0.95402 0.40177
    1.00000 0.95002 0.39408
    1.00000 0.94602 0.38639
    1.00000 0.94202 0.37870
    1.00000 0.93802 0.37101
    1.00000 0.93403 0.36332
    1.00000 0.93003 0.35563
    1.00000 0.92603 0.34794
    1.00000 0.92203 0.34025
    1.00000 0.91803 0.33256
    1.00000 0.91403 0.32488
    1.00000 0.91003 0.31719
    1.00000 0.90604 0.30950
    1.00000 0.90204 0.30181
    1.00000 0.89804 0.29412
    1.00000 0.89404 0.28643
    1.00000 0.89004 0.27874
    1.00000 0.88604 0.27105
    1.00000 0.88205 0.26336
    1.00000 0.87805 0.25567
    1.00000 0.87405 0.24798
    1.00000 0.87005 0.24029
    1.00000 0.86605 0.23260
    1.00000 0.86205 0.22491
    1.00000 0.85805 0.21722
    1.00000 0.85406 0.20953
    1.00000 0.85006 0.20185
    1.00000 0.84606 0.19416
    1.00000 0.84206 0.18647
    1.00000 0.83806 0.17878
    1.00000 0.83406 0.17109
    1.00000 0.83007 0.16340
    1.00000 0.82607 0.15571
    1.00000 0.82207 0.14802
    1.00000 0.81807 0.14033
    1.00000 0.81407 0.13264
    1.00000 0.81007 0.12495
    1.00000 0.80607 0.11726
    1.00000 0.80208 0.10957
    1.00000 0.79808 0.10188
    1.00000 0.79408 0.09419
    1.00000 0.79008 0.08651
    1.00000 0.78608 0.07882
    1.00000 0.78208 0.07113
    1.00000 0.77809 0.06344
    1.00000 0.77409 0.05575
    1.00000 0.77009 0.04806
    1.00000 0.76609 0.04037
    1.00000 0.76209 0.03268
    1.00000 0.75809 0.02499
    1.00000 0.75409 0.01730
    1.00000 0.75010 0.00961
    1.00000 0.74610 0.00192
    1.00000 0.73633 0.00000
    1.00000 0.72464 0.00000
    1.00000 0.71296 0.00000
    1.00000 0.70127 0.00000
    1.00000 0.68958 0.00000
    1.00000 0.67789 0.00000
    1.00000 0.66621 0.00000
    1.00000 0.65452 0.00000
    1.00000 0.64283 0.00000
    1.00000 0.63114 0.00000
    1.00000 0.61945 0.00000
    1.00000 0.60777 0.00000
    1.00000 0.59608 0.00000
    1.00000 0.58439 0.00000
    1.00000 0.57270 0.00000
    1.00000 0.56101 0.00000
    1.00000 0.54933 0.00000
    1.00000 0.53764 0.00000
    1.00000 0.52595 0.00000
    1.00000 0.51426 0.00000
    1.00000 0.50258 0.00000
    1.00000 0.49089 0.00000
    1.00000 0.47920 0.00000
    1.00000 0.46751 0.00000
    1.00000 0.45582 0.00000
    1.00000 0.44414 0.00000
    1.00000 0.43245 0.00000
    1.00000 0.42076 0.00000
    1.00000 0.40907 0.00000
    1.00000 0.39739 0.00000
    1.00000 0.38570 0.00000
    1.00000 0.37401 0.00000
    1.00000 0.36232 0.00000
    1.00000 0.35063 0.00000
    1.00000 0.33895 0.00000
    1.00000 0.32726 0.00000
    1.00000 0.31557 0.00000
    1.00000 0.30388 0.00000
    1.00000 0.29220 0.00000
    1.00000 0.28051 0.00000
    1.00000 0.26882 0.00000
    1.00000 0.25713 0.00000
    1.00000 0.24544 0.00000
    1.00000 0.23376 0.00000
    1.00000 0.22207 0.00000
    1.00000 0.21038 0.00000
    1.00000 0.19869 0.00000
    1.00000 0.18700 0.00000
    1.00000 0.17532 0.00000
    1.00000 0.16363 0.00000
    1.00000 0.15194 0.00000
    1.00000 0.14025 0.00000
    1.00000 0.12857 0.00000
    1.00000 0.11688 0.00000
    1.00000 0.10519 0.00000
    1.00000 0.09350 0.00000
