function C = hot_lin(N)


cmap =  [  
    0.0328    0.0004    0.0068
    0.0393    0.0010    0.0083
    0.0460    0.0016    0.0098
    0.0525    0.0024    0.0114
    0.0590    0.0033    0.0131
    0.0653    0.0042    0.0149
    0.0716    0.0052    0.0168
    0.0779    0.0063    0.0188
    0.0841    0.0075    0.0208
    0.0902    0.0087    0.0229
    0.0963    0.0100    0.0250
    0.1023    0.0114    0.0272
    0.1083    0.0129    0.0295
    0.1143    0.0143    0.0318
    0.1203    0.0159    0.0342
    0.1262    0.0175    0.0366
    0.1321    0.0191    0.0391
    0.1380    0.0208    0.0416
    0.1439    0.0226    0.0440
    0.1498    0.0244    0.0464
    0.1556    0.0262    0.0487
    0.1615    0.0281    0.0510
    0.1673    0.0300    0.0532
    0.1732    0.0319    0.0554
    0.1790    0.0339    0.0576
    0.1848    0.0359    0.0597
    0.1906    0.0379    0.0618
    0.1964    0.0400    0.0639
    0.2023    0.0420    0.0659
    0.2081    0.0440    0.0679
    0.2139    0.0459    0.0698
    0.2197    0.0478    0.0718
    0.2255    0.0497    0.0737
    0.2313    0.0515    0.0755
    0.2371    0.0533    0.0773
    0.2429    0.0551    0.0791
    0.2488    0.0568    0.0809
    0.2546    0.0585    0.0826
    0.2604    0.0602    0.0843
    0.2663    0.0618    0.0860
    0.2721    0.0634    0.0877
    0.2780    0.0650    0.0893
    0.2838    0.0665    0.0909
    0.2897    0.0680    0.0925
    0.2956    0.0695    0.0940
    0.3015    0.0709    0.0955
    0.3074    0.0723    0.0970
    0.3133    0.0736    0.0985
    0.3192    0.0750    0.1000
    0.3251    0.0763    0.1014
    0.3310    0.0775    0.1028
    0.3370    0.0787    0.1041
    0.3429    0.0800    0.1055
    0.3488    0.0811    0.1068
    0.3548    0.0823    0.1080
    0.3608    0.0834    0.1093
    0.3667    0.0845    0.1104
    0.3727    0.0856    0.1116
    0.3787    0.0866    0.1127
    0.3847    0.0876    0.1137
    0.3907    0.0886    0.1148
    0.3968    0.0896    0.1157
    0.4028    0.0905    0.1167
    0.4088    0.0914    0.1176
    0.4149    0.0923    0.1184
    0.4209    0.0932    0.1192
    0.4270    0.0940    0.1199
    0.4331    0.0948    0.1206
    0.4392    0.0956    0.1213
    0.4453    0.0964    0.1219
    0.4514    0.0972    0.1224
    0.4575    0.0979    0.1229
    0.4636    0.0986    0.1233
    0.4697    0.0993    0.1237
    0.4758    0.1000    0.1240
    0.4820    0.1007    0.1243
    0.4881    0.1014    0.1245
    0.4942    0.1020    0.1246
    0.5004    0.1027    0.1246
    0.5065    0.1034    0.1246
    0.5127    0.1041    0.1245
    0.5188    0.1047    0.1243
    0.5249    0.1054    0.1241
    0.5311    0.1062    0.1237
    0.5372    0.1069    0.1233
    0.5433    0.1077    0.1228
    0.5494    0.1085    0.1222
    0.5555    0.1094    0.1215
    0.5616    0.1103    0.1207
    0.5676    0.1113    0.1198
    0.5736    0.1124    0.1188
    0.5796    0.1136    0.1177
    0.5855    0.1149    0.1165
    0.5914    0.1163    0.1152
    0.5972    0.1179    0.1137
    0.6030    0.1196    0.1122
    0.6087    0.1215    0.1106
    0.6144    0.1236    0.1089
    0.6199    0.1259    0.1070
    0.6254    0.1284    0.1052
    0.6308    0.1311    0.1032
    0.6361    0.1340    0.1012
    0.6413    0.1372    0.0992
    0.6463    0.1405    0.0971
    0.6513    0.1441    0.0950
    0.6562    0.1479    0.0929
    0.6610    0.1519    0.0909
    0.6656    0.1561    0.0888
    0.6702    0.1604    0.0868
    0.6747    0.1648    0.0849
    0.6791    0.1694    0.0830
    0.6834    0.1741    0.0811
    0.6876    0.1788    0.0793
    0.6918    0.1837    0.0776
    0.6959    0.1886    0.0759
    0.7000    0.1935    0.0741
    0.7040    0.1984    0.0724
    0.7080    0.2033    0.0707
    0.7120    0.2082    0.0689
    0.7159    0.2132    0.0672
    0.7198    0.2182    0.0655
    0.7237    0.2232    0.0638
    0.7275    0.2282    0.0622
    0.7313    0.2332    0.0605
    0.7350    0.2383    0.0590
    0.7387    0.2434    0.0574
    0.7424    0.2485    0.0559
    0.7460    0.2536    0.0545
    0.7496    0.2588    0.0531
    0.7531    0.2639    0.0518
    0.7566    0.2691    0.0506
    0.7601    0.2743    0.0494
    0.7635    0.2796    0.0484
    0.7669    0.2848    0.0475
    0.7702    0.2901    0.0467
    0.7735    0.2953    0.0461
    0.7768    0.3006    0.0456
    0.7800    0.3059    0.0452
    0.7832    0.3113    0.0450
    0.7863    0.3166    0.0450
    0.7895    0.3219    0.0451
    0.7925    0.3273    0.0454
    0.7956    0.3327    0.0459
    0.7986    0.3381    0.0466
    0.8015    0.3435    0.0474
    0.8045    0.3489    0.0485
    0.8074    0.3544    0.0497
    0.8102    0.3598    0.0511
    0.8130    0.3652    0.0526
    0.8158    0.3707    0.0544
    0.8186    0.3762    0.0563
    0.8213    0.3817    0.0583
    0.8240    0.3872    0.0605
    0.8267    0.3927    0.0629
    0.8293    0.3982    0.0653
    0.8319    0.4037    0.0680
    0.8345    0.4092    0.0707
    0.8371    0.4148    0.0735
    0.8396    0.4203    0.0765
    0.8421    0.4259    0.0796
    0.8445    0.4314    0.0827
    0.8470    0.4370    0.0860
    0.8494    0.4426    0.0894
    0.8517    0.4482    0.0928
    0.8541    0.4538    0.0963
    0.8564    0.4594    0.0999
    0.8587    0.4650    0.1036
    0.8610    0.4706    0.1073
    0.8632    0.4762    0.1111
    0.8655    0.4818    0.1149
    0.8677    0.4875    0.1188
    0.8698    0.4931    0.1228
    0.8720    0.4988    0.1268
    0.8741    0.5044    0.1309
    0.8762    0.5101    0.1350
    0.8783    0.5157    0.1391
    0.8804    0.5214    0.1433
    0.8824    0.5271    0.1476
    0.8844    0.5328    0.1519
    0.8864    0.5385    0.1563
    0.8884    0.5442    0.1607
    0.8903    0.5499    0.1652
    0.8922    0.5556    0.1698
    0.8941    0.5614    0.1744
    0.8960    0.5671    0.1791
    0.8979    0.5728    0.1838
    0.8997    0.5786    0.1886
    0.9015    0.5844    0.1935
    0.9033    0.5901    0.1984
    0.9050    0.5959    0.2034
    0.9067    0.6017    0.2084
    0.9084    0.6075    0.2135
    0.9101    0.6133    0.2187
    0.9118    0.6191    0.2240
    0.9134    0.6250    0.2293
    0.9150    0.6308    0.2347
    0.9166    0.6366    0.2401
    0.9182    0.6425    0.2457
    0.9198    0.6483    0.2513
    0.9213    0.6542    0.2569
    0.9228    0.6601    0.2627
    0.9243    0.6659    0.2685
    0.9258    0.6718    0.2744
    0.9272    0.6777    0.2803
    0.9286    0.6836    0.2863
    0.9301    0.6895    0.2925
    0.9315    0.6954    0.2986
    0.9328    0.7013    0.3049
    0.9342    0.7072    0.3112
    0.9356    0.7132    0.3176
    0.9369    0.7191    0.3241
    0.9382    0.7250    0.3306
    0.9395    0.7310    0.3372
    0.9408    0.7369    0.3439
    0.9421    0.7429    0.3507
    0.9434    0.7488    0.3575
    0.9447    0.7548    0.3645
    0.9460    0.7607    0.3715
    0.9472    0.7667    0.3785
    0.9485    0.7726    0.3856
    0.9498    0.7786    0.3928
    0.9510    0.7846    0.4001
    0.9523    0.7905    0.4075
    0.9535    0.7965    0.4149
    0.9548    0.8025    0.4224
    0.9560    0.8084    0.4299
    0.9573    0.8144    0.4375
    0.9586    0.8204    0.4452
    0.9598    0.8263    0.4530
    0.9611    0.8323    0.4607
    0.9624    0.8383    0.4685
    0.9636    0.8443    0.4763
    0.9649    0.8503    0.4840
    0.9662    0.8563    0.4918
    0.9674    0.8623    0.4996
    0.9687    0.8683    0.5074
    0.9700    0.8744    0.5152
    0.9713    0.8804    0.5229
    0.9725    0.8865    0.5308
    0.9738    0.8925    0.5386
    0.9751    0.8986    0.5464
    0.9764    0.9047    0.5542
    0.9777    0.9108    0.5620
    0.9790    0.9168    0.5699
    0.9803    0.9230    0.5777
    0.9816    0.9291    0.5855
    0.9829    0.9352    0.5934
    0.9842    0.9413    0.6013
    0.9855    0.9475    0.6092
    0.9869    0.9536    0.6170
    0.9882    0.9598    0.6249
    0.9896    0.9660    0.6328
    0.9909    0.9722    0.6408
    0.9923    0.9784    0.6487
    0.9936    0.9846    0.6567
    0.9949    0.9909    0.6648   ]   ;

